0012
0082
0083
0091
0099
0101
0138
0389
0395
1147
1198
1368
1503
1538
1589
1643
1996
2143
2259
2283
2658
3018
3158
3174
3247
3301
3379
3565
3662
3891
3905
3948
4235
4243
4251
4456
4723
4731
5005
5007
5020
5026
5038
5041
5054
5056
5062
5066
5070
5073
5078
5080
5098
5105
5109
5113
5115
5120
5123
5125
5131
5132
5133
5161
5166
5171
5184
5190
5191
5195
5196
5199
5204
5205
5207
5219
5226
5230
5231
5236
5239
5247
5248
5555
5703
5789
5843
5908
5916
6009
6076
6084
6114
6139
6181
6459
6483
6491
6556
6718
6807
6874
7006
7013
7022
7047
7052
7076
7078
7081
7100
7108
7117
7155
7212
7228
7229
7231
7237
7250
7668
7722
8206
8346
8397
8567
8893
8982
9008
9261
9288
9296
9318
9466
9571
9598
9792
